0 34308
1 27024
2 43023
3 54030
4 39644
5 31130
6 57252
7 43606
8 29800
9 42712
10 34803
11 34162
12 56015
13 43090
14 37084
15 46958
16 41483
17 33672
18 93376
19 32758
20 61525
21 30441
22 37383
23 33963
24 49831
25 31357
26 42964
27 46744
28 45144
29 31728
30 48798
31 46060
32 59779
33 32565
34 46076
35 52296
36 30045
37 52080
38 31551
39 43638
40 56339
41 33463
42 43163
43 39293
44 36882
45 47629
46 58128
47 37379
48 37314
49 42817
50 30845
51 55083
52 28618
53 37378
54 28192
55 40838
56 56647
57 41019
58 38264
59 50161
60 38947
61 51770
62 34610
63 48204
64 40509
65 42207
66 34152
67 38950
68 45043
69 69752
70 35815
71 56745
72 51247
73 36563
74 36621
75 43908
76 36236
77 34291
78 37844
79 40965
80 31500
81 44517
82 29971
83 42459
84 31426
85 33227
86 49868
87 42980
88 32738
89 52243
90 42132
91 47500
92 50947
93 37154
94 41483
95 38486
96 32664
97 45980
98 33549
99 40747
time cost: 3.52442 ms
