0 34022
1 27006
2 42780
3 54203
4 39780
5 31005
6 56936
7 43742
8 29311
9 42889
10 34496
11 34301
12 56201
13 43430
14 37469
15 46999
16 41751
17 33244
18 93038
19 32861
20 62114
21 30449
22 37131
23 33553
24 49578
25 31452
26 43626
27 47080
28 45403
29 31651
30 48538
31 45937
32 60020
33 32711
34 46238
35 52230
36 30144
37 52081
38 31625
39 43406
40 57223
41 33715
42 43106
43 39195
44 36995
45 47704
46 57577
47 37472
48 37469
49 43018
50 31114
51 55285
52 28429
53 37245
54 28327
55 40917
56 56402
57 41230
58 38213
59 50436
60 38748
61 52094
62 34705
63 47871
64 40346
65 42199
66 33873
67 39280
68 45536
69 69800
70 35990
71 56804
72 50795
73 36873
74 36586
75 44085
76 35908
77 34121
78 38117
79 41281
80 31316
81 44075
82 30096
83 42496
84 31452
85 33194
86 49958
87 43203
88 32863
89 52100
90 42561
91 47943
92 50622
93 37085
94 41791
95 38580
96 32363
97 45795
98 33342
99 41094
time cost: 4.76867 ms
