0 0 196364
0 1 225676
0 2 182894
0 3 27588
1 0 125582
1 1 165193
1 2 22136
1 3 220082
2 0 5440
2 1 119391
2 2 5440
2 3 119391
3 0 40339
3 1 6587
3 2 40339
3 3 40339
4 0 187588
4 1 219210
4 2 149978
4 3 214036
5 0 229544
5 1 70728
5 2 43519
5 3 179960
6 0 136948
6 1 149995
6 2 189026
6 3 127539
7 0 172591
7 1 20716
7 2 181442
7 3 61825
8 0 136673
8 1 210572
8 2 113507
8 3 17634
9 0 141769
9 1 120075
9 2 120075
9 3 15871
10 0 57635
10 1 17130
10 2 54178
10 3 112266
11 0 136548
11 1 23073
11 2 48819
11 3 110719
12 0 130897
12 1 5531
12 2 141328
12 3 169864
13 0 163710
13 1 218164
13 2 108582
13 3 198131
14 0 17731
14 1 12483
14 2 121385
14 3 144318
15 0 171163
15 1 83115
15 2 29300
15 3 145067
16 0 168425
16 1 168509
16 2 140343
16 3 137225
17 0 38924
17 1 229090
17 2 52362
17 3 43747
18 0 188417
18 1 219978
18 2 161311
18 3 114948
19 0 23783
19 1 192384
19 2 133973
19 3 133973
20 0 107836
20 1 107836
20 2 209223
20 3 41052
21 0 77947
21 1 91239
21 2 76037
21 3 69697
22 0 211025
22 1 216287
22 2 109627
22 3 63590
23 0 32953
23 1 128787
23 2 117534
23 3 100870
24 0 46759
24 1 230828
24 2 99680
24 3 96471
25 0 22907
25 1 23948
25 2 15477
25 3 213398
26 0 142902
26 1 110797
26 2 167098
26 3 95048
27 0 21177
27 1 17913
27 2 187914
27 3 210446
28 0 129927
28 1 55761
28 2 193101
28 3 72733
29 0 96320
29 1 193196
29 2 230273
29 3 73765
30 0 70814
30 1 179046
30 2 210822
30 3 95778
31 0 197229
31 1 46894
31 2 6368
31 3 46894
32 0 47717
32 1 229790
32 2 73310
32 3 22009
33 0 64794
33 1 136159
33 2 140186
33 3 151003
34 0 176310
34 1 171792
34 2 151738
34 3 153323
35 0 62098
35 1 207355
35 2 220507
35 3 43544
36 0 225286
36 1 143850
36 2 158374
36 3 120461
37 0 21961
37 1 95724
37 2 30959
37 3 147506
38 0 133054
38 1 161684
38 2 190501
38 3 161684
39 0 17964
39 1 62436
39 2 108271
39 3 34539
40 0 34512
40 1 192777
40 2 188324
40 3 10653
41 0 164760
41 1 8494
41 2 64499
41 3 161155
42 0 30268
42 1 127572
42 2 139678
42 3 154206
43 0 24682
43 1 177673
43 2 172534
43 3 59184
44 0 174077
44 1 50942
44 2 80835
44 3 47747
45 0 51110
45 1 52608
45 2 205364
45 3 51110
46 0 47526
46 1 6357
46 2 135571
46 3 135571
47 0 150153
47 1 79940
47 2 180434
47 3 208981
48 0 10115
48 1 145675
48 2 12677
48 3 175908
49 0 179096
49 1 185163
49 2 122712
49 3 22406
50 0 69710
50 1 28905
50 2 74466
50 3 39579
51 0 33837
51 1 13791
51 2 134741
51 3 198827
52 0 202824
52 1 74937
52 2 80727
52 3 68400
53 0 213357
53 1 18843
53 2 64401
53 3 66024
54 0 122434
54 1 48158
54 2 73540
54 3 152963
55 0 105176
55 1 182846
55 2 127407
55 3 170693
56 0 53216
56 1 84456
56 2 110420
56 3 188293
57 0 187849
57 1 40899
57 2 88658
57 3 27783
58 0 151770
58 1 39846
58 2 104659
58 3 77425
59 0 218657
59 1 194558
59 2 50467
59 3 32812
60 0 128564
60 1 139280
60 2 139280
60 3 112906
61 0 231711
61 1 127008
61 2 17377
61 3 7097
62 0 70821
62 1 186909
62 2 186909
62 3 186909
63 0 59115
63 1 205033
63 2 134943
63 3 5324
64 0 70539
64 1 48015
64 2 207571
64 3 225874
65 0 115906
65 1 64312
65 2 137287
65 3 182496
66 0 42990
66 1 96685
66 2 23607
66 3 191457
67 0 67291
67 1 183059
67 2 76772
67 3 15991
68 0 10904
68 1 82325
68 2 30594
68 3 7050
69 0 36056
69 1 95534
69 2 206211
69 3 69860
70 0 14609
70 1 89596
70 2 17414
70 3 17414
71 0 46671
71 1 182848
71 2 46671
71 3 46671
72 0 141404
72 1 172333
72 2 65739
72 3 108878
73 0 129198
73 1 126639
73 2 207396
73 3 229741
74 0 24531
74 1 8476
74 2 52467
74 3 98141
75 0 185506
75 1 35103
75 2 58608
75 3 23313
76 0 188905
76 1 24368
76 2 145623
76 3 124198
77 0 186038
77 1 226319
77 2 116572
77 3 26931
78 0 81826
78 1 210182
78 2 151731
78 3 125102
79 0 1609
79 1 152336
79 2 60517
79 3 17598
80 0 78529
80 1 61299
80 2 14573
80 3 93422
81 0 112009
81 1 33380
81 2 33380
81 3 33380
82 0 201158
82 1 163745
82 2 167872
82 3 69140
83 0 12789
83 1 72705
83 2 146353
83 3 121393
84 0 217893
84 1 17677
84 2 123290
84 3 17677
85 0 79321
85 1 79321
85 2 60941
85 3 172398
86 0 226945
86 1 45824
86 2 157490
86 3 165626
87 0 218513
87 1 168391
87 2 87303
87 3 197403
88 0 26558
88 1 126093
88 2 24617
88 3 31044
89 0 149808
89 1 46047
89 2 214686
89 3 33791
90 0 16944
90 1 75456
90 2 41635
90 3 34425
91 0 27441
91 1 60742
91 2 207468
91 3 60742
92 0 168712
92 1 11210
92 2 228912
92 3 46
93 0 214775
93 1 214775
93 2 214775
93 3 214775
94 0 4237
94 1 48463
94 2 22502
94 3 202403
95 0 37765
95 1 106499
95 2 11159
95 3 103916
96 0 158003
96 1 46999
96 2 158003
96 3 46999
97 0 195901
97 1 195901
97 2 10617
97 3 113273
98 0 202867
98 1 102491
98 2 232612
98 3 182956
99 0 139531
99 1 154349
99 2 91499
99 3 220140
time cost: 0.367392 ms
