0 34055
1 26581
2 42798
3 54043
4 39730
5 30924
6 56941
7 43500
8 29568
9 42999
10 34392
11 34318
12 56356
13 43329
14 37284
15 47076
16 41935
17 33559
18 93830
19 32902
20 62163
21 30560
22 37212
23 33476
24 49288
25 31170
26 43170
27 46969
28 45116
29 31656
30 48912
31 46120
32 60873
33 32708
34 46357
35 52141
36 29882
37 52181
38 31610
39 43409
40 57110
41 33292
42 42795
43 39168
44 36629
45 47397
46 57671
47 37571
48 37213
49 43062
50 31076
51 55362
52 28519
53 37556
54 28121
55 41088
56 56462
57 41110
58 38305
59 50466
60 38570
61 51862
62 34683
63 47978
64 40657
65 41550
66 33968
67 39108
68 45312
69 69713
70 36252
71 57068
72 51066
73 36559
74 36718
75 44407
76 36233
77 34091
78 37842
79 41354
80 31288
81 44391
82 30068
83 42394
84 31269
85 32554
86 49786
87 43189
88 32844
89 52173
90 42176
91 47689
92 50546
93 36820
94 41572
95 38599
96 32358
97 46205
98 33585
99 40741
time cost: 3.82163 ms
